108
0.18 0.216 0.298
0.18 0.216 0.298
0.18 0.216 0.298

0.18 0.216 0.298
0.18 0.216 0.298
0.18 0.216 0.298

0.18 0.216 0.298
0.18 0.216 0.298
0.18 0.216 0.298

0.18 0.216 0.298
0.18 0.216 0.298
0.18 0.216 0.298

0.18 0.216 0.298
0.18 0.216 0.298
0.18 0.216 0.298

0.18 0.216 0.298
0.18 0.216 0.298
0.18 0.216 0.298

0.18 0.216 0.298
0.18 0.216 0.298
0.18 0.216 0.298

0.18 0.216 0.298
0.18 0.216 0.298
0.18 0.216 0.298

0.18 0.216 0.298
0.18 0.216 0.298
0.18 0.216 0.298

0.18 0.216 0.298
0.18 0.216 0.298
0.18 0.216 0.298

0.18 0.216 0.298
0.18 0.216 0.298
0.18 0.216 0.298

0.18 0.216 0.298
0.18 0.216 0.298
0.18 0.216 0.298