90
0.502 0.176 0.082
0.502 0.176 0.082
0.502 0.176 0.082

0.502 0.176 0.082
0.502 0.176 0.082
0.502 0.176 0.082

0.502 0.176 0.082
0.502 0.176 0.082
0.502 0.176 0.082

0.502 0.176 0.082
0.502 0.176 0.082
0.502 0.176 0.082

0.502 0.176 0.082
0.502 0.176 0.082
0.502 0.176 0.082

0.502 0.176 0.082
0.502 0.176 0.082
0.502 0.176 0.082

0.502 0.176 0.082
0.502 0.176 0.082
0.502 0.176 0.082

0.502 0.176 0.082
0.502 0.176 0.082
0.502 0.176 0.082

0.502 0.176 0.082
0.502 0.176 0.082
0.502 0.176 0.082

0.502 0.176 0.082
0.502 0.176 0.082
0.502 0.176 0.082

0.502 0.176 0.082
0.502 0.176 0.082
0.502 0.176 0.082

0.502 0.176 0.082
0.502 0.176 0.082
0.502 0.176 0.082